0 0.146409 0.450346 0.289814 0.452975 0.902832
0 0.0939754 0.103102 0.0650541 0.0728666 0.858398
0 0.745793 0.0967172 0.0588942 0.0691106 0.831543
0 0.740986 0.188223 0.0564904 0.0611291 0.796387
0 0.165828 0.922927 0.305364 0.154147 0.774414
0 0.692909 0.0475253 0.0637019 0.0670213 0.751465
0 0.120718 0.0364802 0.0594952 0.0727727 0.700684
0 0.691106 0.147893 0.0552885 0.065918 0.685059
0 0.0666316 0.202825 0.0821815 0.083759 0.657715
0 0.0532227 0.0358699 0.0801532 0.0717398 0.625
0 0.699519 0.209585 0.0528846 0.063101 0.523438
0 0.902644 0.103196 0.0444711 0.0497671 0.414062
0 0.917668 0.0439923 0.0408654 0.0568096 0.361084
0 0.191632 0.937575 0.266977 0.12485 0.29248
