0 0.426683 0.847356 0.0871394 0.0721154 0.833496
0 0.433443 0.714543 0.0615986 0.0757211 0.737305
0 0.678711 0.762019 0.078125 0.063702 0.673828
0 0.438702 0.784856 0.0691106 0.0625 0.67334
0 0.147236 0.420673 0.0972806 0.0612981 0.666504
0 0.962365 0.702524 0.0752705 0.11899 0.608398
0 0.416917 0.626202 0.0465745 0.0661058 0.582031
0 0.732985 0.689303 0.0754958 0.0576923 0.558105
0 0.898437 0.457933 0.078125 0.0492788 0.373779
0 0.967548 0.93149 0.063101 0.134615 0.324219
0 0.896184 0.48137 0.0721153 0.0480769 0.271973
