0 0.524714 0.295072 0.093149 0.0721154 0.827637
0 0.365835 0.80649 0.074369 0.0649039 0.804199
0 0.64716 0.493089 0.0886418 0.063101 0.770996
0 0.334848 0.360577 0.0589694 0.0456731 0.745605
0 0.584811 0.229267 0.081881 0.0721154 0.730957
0 0.380859 0.740986 0.081881 0.0661057 0.716309
0 0.315317 0.546274 0.0679838 0.0540866 0.530273
0 0.626502 0.576923 0.0878906 0.0655048 0.467773
0 0.381611 0.626352 0.0578426 0.0525842 0.456055
0 0.203012 0.371394 0.0492037 0.0396635 0.343262
0 0.373347 0.566406 0.0473257 0.0438702 0.329346
0 0.379639 0.569712 0.0542743 0.0492789 0.294922
0 0.403771 0.813702 0.070613 0.0649039 0.293457
0 0.404522 0.753005 0.0698618 0.0576923 0.282959
0 0.207332 0.377103 0.0473257 0.0438702 0.253174
